run:
Digite m (número de códigos)
6
Digite n (número de bits por código):
6
Digite q (base):
3
Digite codewords:
121002
102101
202200
102111
020102
200222
*************************
[000000, 000002, 000001, 000100, 000102, 000101, 000200, 000202, 000201, 001000, 001002, 001001, 001100, 001102, 001101, 001200, 001202, 001201, 002000, 002002, 002001, 002100, 002102, 002101, 002200, 002202, 002201, 010000, 010002, 010001, 010100, 010102, 010101, 010200, 010202, 010201, 011000, 011002, 011001, 011100, 011102, 011101, 011200, 011202, 011201, 012000, 012002, 012001, 012100, 012102, 012101, 012200, 012202, 012201, 020000, 020002, 020001, 020100, 020102, 020101, 020200, 020202, 020201, 021000, 021002, 021001, 021100, 021102, 021101, 021200, 021202, 021201, 022000, 022002, 022001, 022100, 022102, 022101, 022200, 022202, 022201, 100000, 100002, 100001, 100100, 100102, 100101, 100200, 100202, 100201, 101000, 101002, 101001, 101100, 101102, 101101, 101200, 101202, 101201, 102000, 102002, 102001, 102100, 102102, 102101, 102200, 102202, 102201, 110000, 110002, 110001, 110100, 110102, 110101, 110200, 110202, 110201, 111000, 111002, 111001, 111100, 111102, 111101, 111200, 111202, 111201, 112000, 112002, 112001, 112100, 112102, 112101, 112200, 112202, 112201, 120000, 120002, 120001, 120100, 120102, 120101, 120200, 120202, 120201, 121000, 121002, 121001, 121100, 121102, 121101, 121200, 121202, 121201, 122000, 122002, 122001, 122100, 122102, 122101, 122200, 122202, 122201, 200000, 200002, 200001, 200100, 200102, 200101, 200200, 200202, 200201, 201000, 201002, 201001, 201100, 201102, 201101, 201200, 201202, 201201, 202000, 202002, 202001, 202100, 202102, 202101, 202200, 202202, 202201, 210000, 210002, 210001, 210100, 210102, 210101, 210200, 210202, 210201, 211000, 211002, 211001, 211100, 211102, 211101, 211200, 211202, 211201, 212000, 212002, 212001, 212100, 212102, 212101, 212200, 212202, 212201, 220000, 220002, 220001, 220100, 220102, 220101, 220200, 220202, 220201, 221000, 221002, 221001, 221100, 221102, 221101, 221200, 221202, 221201, 222000, 222002, 222001, 222100, 222102, 222101, 222200, 222202, 222201]
Numero de códigos generados: 243
Min distancia: 1
BUILD SUCCESSFUL (total time: 36 seconds)
